拨出方 接收方
13800138001 13800138002
13800138002 13800138003
13800138001 13800138004
13800138005 13800138001
13800138001 13800138006
13800138003 13800138007
13800138008 13800138001
13800138001 13800138009
13800138002 13800138010
13800138011 13800138002
13800138002 13900139001
13900139002 13800138002
13800138003 13800138004
13900139003 13800138003
13800138003 13900139004
13800138004 13800138005
13800138005 13800138006
13800138006 13800138007
13800138007 13800138008
13800138008 13800138009
13800138009 13800138010
13800138010 13800138011
13800138011 13900139001
13900139001 13900139002
13900139002 13900139003
13900139003 13900139004
13900139004 13900139005
13900139005 13900139006
13900139006 13900139007
13900139007 13900139008
13900139008 13900139009
13900139009 13900139010
13900139010 15800158001
15800158001 15800158002
15800158002 15800158003
15800158003 15800158004
15800158004 15800158005
15800158005 13800138001
15800158006 13800138001
15800158007 13800138001
15800158008 13800138002
13800138001 15800158001
13800138002 13900139005
13800138001 13900139010
13800138002 15800158003
13800138001 13900139002
13800138001 18800188001
18800188002 13800138002
13800138003 18800188003
18800188004 13800138004
18800188005 13800138005
13800138006 18800188006
18800188007 13800138007
18800188008 13800138008
13800138009 18800188009
18800188010 13800138010
18800188011 13800138011
18800188012 13800138012
13900139001 18900189001
18900189002 13900139002
13900139003 18900189003
18900189004 13900139004
18900189005 13900139005
15800158001 18800188001
15800158002 18900189002
18800188003 15800158003
18900189004 15800158004
15800158005 18800188005
18800188006 15800158006
18900189007 15800158007
15800158008 18800188008
18800188001 18900189001
18900189002 18800188002
18800188003 18900189003
18900189004 18800188004
18800188005 18900189005
18900189006 18800188006
18800188007 18900189007
18900189008 18800188008
18800188009 18900189009
18900189010 18800188010
